grid_id,row,col,store
0,40,38,0
1,40,39,0
2,40,40,0
3,41,38,0
4,41,39,1
5,41,40,0
6,41,41,0
7,42,37,2
8,42,38,0
9,42,39,5
10,42,40,1
11,42,41,0
12,42,42,0
13,43,37,0
14,43,38,0
15,43,39,0
16,43,40,0
17,43,41,3
18,43,42,0
19,43,43,0
20,44,30,0
21,44,31,0
22,44,32,2
23,44,33,0
24,44,34,1
25,44,35,0
26,44,36,0
27,44,37,0
28,44,38,2
29,44,39,0
30,44,40,0
31,44,41,0
32,44,42,1
33,44,43,1
34,44,44,0
35,45,30,0
36,45,31,3
37,45,32,15
38,45,33,0
39,45,34,0
40,45,35,0
41,45,36,1
42,45,37,0
43,45,38,1
44,45,39,0
45,45,40,0
46,45,41,0
47,45,42,1
48,45,43,0
49,45,44,0
50,46,30,0
51,46,31,0
52,46,32,2
53,46,33,2
54,46,34,0
55,46,35,0
56,46,36,1
57,46,37,1
58,46,38,0
59,46,39,0
60,46,40,0
61,46,41,1
62,46,42,0
63,46,43,0
64,46,44,0
65,46,45,2
66,46,46,1
67,46,47,0
68,46,48,1
69,46,49,0
70,46,50,0
71,46,51,0
72,46,52,1
73,46,53,1
74,47,30,0
75,47,31,0
76,47,32,0
77,47,33,1
78,47,34,0
79,47,35,0
80,47,36,5
81,47,37,5
82,47,38,6
83,47,39,0
84,47,40,0
85,47,41,1
86,47,42,0
87,47,43,0
88,47,44,1
89,47,45,0
90,47,46,0
91,47,47,0
92,47,48,2
93,47,49,0
94,47,50,0
95,47,51,0
96,47,52,0
97,47,53,0
98,48,29,0
99,48,30,0
100,48,31,0
101,48,32,5
102,48,33,4
103,48,34,0
104,48,35,2
105,48,36,0
106,48,37,2
107,48,38,0
108,48,39,0
109,48,40,6
110,48,41,7
111,48,42,0
112,48,43,1
113,48,44,0
114,48,45,12
115,48,46,0
116,48,47,1
117,48,48,5
118,48,49,0
119,48,50,0
120,48,51,0
121,48,52,0
122,48,53,0
123,49,26,4
124,49,29,0
125,49,30,2
126,49,31,2
127,49,32,26
128,49,33,12
129,49,34,4
130,49,35,1
131,49,36,0
132,49,37,0
133,49,38,0
134,49,39,0
135,49,40,18
136,49,41,0
137,49,42,4
138,49,43,17
139,49,44,24
140,49,45,40
141,49,46,17
142,49,47,5
143,49,48,1
144,49,49,0
145,49,50,0
146,49,51,0
147,49,52,0
148,49,53,0
149,50,25,1
150,50,26,1
151,50,27,0
152,50,28,0
153,50,29,0
154,50,30,0
155,50,31,0
156,50,32,30
157,50,33,13
158,50,34,17
159,50,35,0
160,50,36,0
161,50,37,0
162,50,38,0
163,50,39,0
164,50,40,15
165,50,41,19
166,50,42,0
167,50,43,92
168,50,44,237
169,50,45,273
170,50,46,66
171,50,47,14
172,50,48,7
173,50,49,7
174,50,50,1
175,50,51,0
176,50,52,0
177,50,53,0
178,51,24,1
179,51,25,11
180,51,26,11
181,51,27,0
182,51,28,2
183,51,29,0
184,51,30,0
185,51,31,0
186,51,32,0
187,51,33,2
188,51,34,0
189,51,35,1
190,51,36,5
191,51,37,0
192,51,38,2
193,51,39,0
194,51,40,0
195,51,41,0
196,51,42,11
197,51,43,30
198,51,44,83
199,51,45,286
200,51,46,53
201,51,47,13
202,51,48,2
203,51,49,0
204,51,50,0
205,51,51,0
206,51,52,0
207,51,53,0
208,52,23,0
209,52,24,0
210,52,25,0
211,52,26,1
212,52,27,8
213,52,28,0
214,52,29,0
215,52,30,0
216,52,31,13
217,52,32,0
218,52,33,0
219,52,34,0
220,52,35,6
221,52,36,10
222,52,37,6
223,52,38,2
224,52,39,40
225,52,40,0
226,52,41,32
227,52,42,0
228,52,43,20
229,52,44,25
230,52,45,13
231,52,46,15
232,52,47,6
233,52,48,0
234,52,49,0
235,52,50,0
236,52,51,0
237,52,52,0
238,52,53,0
239,52,54,0
240,52,55,0
241,52,56,0
242,52,57,0
243,53,24,0
244,53,25,0
245,53,26,0
246,53,27,6
247,53,28,9
248,53,29,25
249,53,30,15
250,53,31,7
251,53,32,16
252,53,33,3
253,53,34,2
254,53,35,2
255,53,36,19
256,53,37,5
257,53,38,1
258,53,39,0
259,53,40,0
260,53,41,0
261,53,42,0
262,53,43,4
263,53,44,0
264,53,45,11
265,53,46,0
266,53,47,0
267,53,48,0
268,53,49,0
269,53,50,0
270,53,51,0
271,53,52,0
272,53,53,0
273,53,54,0
274,53,55,0
275,53,56,0
276,53,57,0
277,53,58,1
278,54,24,0
279,54,25,1
280,54,26,0
281,54,27,0
282,54,28,0
283,54,29,132
284,54,30,29
285,54,31,30
286,54,32,13
287,54,33,9
288,54,34,11
289,54,35,2
290,54,36,0
291,54,37,1
292,54,38,0
293,54,39,4
294,54,40,0
295,54,41,3
296,54,42,0
297,54,43,0
298,54,44,13
299,54,45,4
300,54,46,1
301,54,47,0
302,54,48,0
303,54,49,1
304,54,50,0
305,54,51,0
306,54,52,0
307,54,53,0
308,54,54,0
309,54,55,0
310,54,56,0
311,54,57,0
312,54,58,0
313,54,59,0
314,54,60,0
315,55,25,0
316,55,26,8
317,55,27,0
318,55,28,36
319,55,29,88
320,55,30,367
321,55,31,113
322,55,32,6
323,55,33,23
324,55,34,2
325,55,35,0
326,55,36,0
327,55,37,0
328,55,38,0
329,55,39,0
330,55,40,0
331,55,41,0
332,55,42,0
333,55,43,0
334,55,44,5
335,55,45,2
336,55,46,0
337,55,47,0
338,55,48,0
339,55,49,0
340,55,50,0
341,55,51,0
342,55,52,0
343,55,53,1
344,55,54,0
345,55,55,0
346,55,56,0
347,55,57,0
348,55,58,0
349,55,59,0
350,55,60,0
351,55,61,0
352,56,25,0
353,56,26,17
354,56,27,14
355,56,28,28
356,56,29,121
357,56,30,338
358,56,31,78
359,56,32,3
360,56,33,8
361,56,34,0
362,56,35,2
363,56,36,1
364,56,37,0
365,56,38,0
366,56,39,0
367,56,40,0
368,56,41,0
369,56,42,1
370,56,43,3
371,56,44,6
372,56,45,0
373,56,46,0
374,56,47,0
375,56,48,0
376,56,49,1
377,56,50,0
378,56,51,0
379,56,52,0
380,56,53,2
381,56,54,0
382,56,55,0
383,56,56,1
384,56,57,1
385,56,58,4
386,56,59,11
387,56,60,8
388,56,61,4
389,56,62,0
390,56,63,0
391,57,26,0
392,57,27,5
393,57,28,0
394,57,29,29
395,57,30,135
396,57,31,108
397,57,32,9
398,57,33,0
399,57,34,3
400,57,35,0
401,57,36,4
402,57,37,0
403,57,38,0
404,57,39,0
405,57,40,0
406,57,41,0
407,57,42,6
408,57,43,10
409,57,44,0
410,57,45,0
411,57,46,0
412,57,47,0
413,57,48,0
414,57,49,0
415,57,50,0
416,57,51,2
417,57,52,9
418,57,53,0
419,57,54,15
420,57,55,13
421,57,56,25
422,57,57,7
423,57,58,5
424,57,59,0
425,57,60,0
426,57,61,0
427,57,62,0
428,57,63,0
429,57,64,0
430,58,26,0
431,58,27,0
432,58,28,0
433,58,29,29
434,58,30,72
435,58,31,74
436,58,32,17
437,58,33,1
438,58,34,0
439,58,35,0
440,58,36,2
441,58,37,1
442,58,38,0
443,58,39,0
444,58,40,0
445,58,41,0
446,58,42,13
447,58,43,4
448,58,44,3
449,58,45,0
450,58,46,0
451,58,47,0
452,58,48,0
453,58,49,0
454,58,50,0
455,58,51,1
456,58,52,8
457,58,53,5
458,58,54,0
459,58,55,7
460,58,56,5
461,58,57,0
462,58,58,0
463,58,59,0
464,58,60,0
465,58,61,0
466,58,62,2
467,58,63,0
468,58,64,0
469,59,25,2
470,59,26,5
471,59,27,0
472,59,28,0
473,59,29,0
474,59,30,1
475,59,31,1
476,59,32,0
477,59,33,0
478,59,34,3
479,59,35,0
480,59,36,0
481,59,37,0
482,59,38,10
483,59,39,4
484,59,40,0
485,59,41,1
486,59,42,0
487,59,43,2
488,59,44,0
489,59,45,0
490,59,46,0
491,59,47,0
492,59,48,0
493,59,49,22
494,59,50,8
495,59,51,8
496,59,52,7
497,59,53,0
498,59,54,0
499,59,55,1
500,59,56,2
501,59,57,2
502,59,58,0
503,59,59,4
504,59,60,0
505,59,61,0
506,59,62,7
507,59,63,0
508,59,64,0
509,60,25,0
510,60,26,2
511,60,27,2
512,60,28,0
513,60,29,0
514,60,30,0
515,60,31,0
516,60,32,1
517,60,33,3
518,60,34,0
519,60,35,0
520,60,36,0
521,60,37,5
522,60,38,46
523,60,39,12
524,60,40,10
525,60,41,3
526,60,42,0
527,60,43,0
528,60,44,0
529,60,45,0
530,60,46,0
531,60,47,0
532,60,48,6
533,60,49,5
534,60,50,11
535,60,51,4
536,60,52,0
537,60,53,6
538,60,54,0
539,60,55,1
540,60,56,6
541,60,57,1
542,60,58,6
543,60,59,11
544,60,60,11
545,60,61,13
546,60,62,0
547,60,63,0
548,60,64,0
549,61,24,0
550,61,25,0
551,61,26,6
552,61,27,0
553,61,28,0
554,61,29,2
555,61,30,0
556,61,31,0
557,61,32,6
558,61,33,3
559,61,34,11
560,61,35,2
561,61,36,0
562,61,37,6
563,61,38,0
564,61,39,0
565,61,40,10
566,61,41,2
567,61,42,0
568,61,43,0
569,61,44,0
570,61,45,0
571,61,46,0
572,61,47,2
573,61,48,1
574,61,49,5
575,61,50,10
576,61,51,22
577,61,52,17
578,61,53,23
579,61,54,4
580,61,55,10
581,61,56,40
582,61,57,15
583,61,58,0
584,61,59,6
585,61,60,24
586,61,61,3
587,61,62,0
588,61,63,0
589,62,24,5
590,62,25,5
591,62,26,0
592,62,27,1
593,62,28,2
594,62,29,1
595,62,30,3
596,62,31,4
597,62,32,0
598,62,33,0
599,62,34,5
600,62,35,0
601,62,36,0
602,62,37,0
603,62,38,4
604,62,39,3
605,62,40,2
606,62,41,2
607,62,42,0
608,62,43,0
609,62,44,2
610,62,45,12
611,62,46,12
612,62,47,7
613,62,48,0
614,62,49,3
615,62,50,0
616,62,51,14
617,62,52,55
618,62,53,188
619,62,54,249
620,62,55,239
621,62,56,110
622,62,57,20
623,62,58,11
624,62,59,0
625,62,60,1
626,62,61,0
627,62,62,0
628,63,24,4
629,63,25,5
630,63,26,2
631,63,27,3
632,63,28,3
633,63,29,1
634,63,30,4
635,63,31,2
636,63,32,1
637,63,33,4
638,63,34,12
639,63,35,26
640,63,36,1
641,63,37,17
642,63,38,9
643,63,39,7
644,63,40,2
645,63,41,0
646,63,42,0
647,63,43,0
648,63,44,1
649,63,45,44
650,63,46,17
651,63,47,7
652,63,48,1
653,63,49,2
654,63,50,4
655,63,51,0
656,63,52,32
657,63,53,44
658,63,54,78
659,63,55,22
660,63,56,10
661,63,57,22
662,63,58,23
663,63,59,31
664,63,60,18
665,63,61,0
666,63,62,0
667,64,25,1
668,64,26,1
669,64,27,1
670,64,28,0
671,64,29,0
672,64,30,0
673,64,31,0
674,64,32,12
675,64,33,4
676,64,34,7
677,64,35,171
678,64,36,65
679,64,37,3
680,64,38,8
681,64,39,1
682,64,40,0
683,64,41,0
684,64,42,29
685,64,43,17
686,64,44,26
687,64,45,2
688,64,46,9
689,64,47,0
690,64,48,0
691,64,49,0
692,64,50,0
693,64,51,3
694,64,52,0
695,64,53,2
696,64,54,10
697,64,55,0
698,64,56,3
699,64,57,4
700,64,58,14
701,64,59,1
702,64,60,0
703,64,61,0
704,64,62,0
705,65,27,0
706,65,28,3
707,65,29,3
708,65,30,0
709,65,31,0
710,65,32,3
711,65,33,5
712,65,34,27
713,65,35,63
714,65,36,50
715,65,37,0
716,65,38,2
717,65,39,0
718,65,40,0
719,65,41,0
720,65,42,45
721,65,43,5
722,65,44,1
723,65,45,1
724,65,46,0
725,65,47,0
726,65,48,0
727,65,49,9
728,65,50,0
729,65,51,0
730,65,52,5
731,65,53,5
732,65,54,0
733,65,55,2
734,65,56,0
735,65,57,1
736,65,58,2
737,65,59,0
738,65,60,17
739,65,61,0
740,65,62,10
741,66,30,6
742,66,31,0
743,66,32,0
744,66,33,0
745,66,34,7
746,66,35,21
747,66,36,3
748,66,37,0
749,66,38,0
750,66,39,2
751,66,40,0
752,66,41,2
753,66,42,28
754,66,43,3
755,66,44,0
756,66,45,0
757,66,46,3
758,66,47,0
759,66,48,0
760,66,49,0
761,66,50,10
762,66,51,0
763,66,52,0
764,66,53,8
765,66,54,0
766,66,55,1
767,66,56,0
768,66,57,0
769,66,58,0
770,66,59,0
771,66,60,0
772,66,61,0
773,66,62,0
774,67,30,0
775,67,31,3
776,67,32,3
777,67,33,7
778,67,34,12
779,67,35,0
780,67,36,0
781,67,37,0
782,67,38,2
783,67,39,8
784,67,40,1
785,67,41,1
786,67,42,0
787,67,43,11
788,67,44,0
789,67,45,0
790,67,46,1
791,67,47,0
792,67,48,11
793,67,49,0
794,67,50,0
795,67,51,0
796,67,52,0
797,67,53,6
798,67,54,0
799,67,55,0
800,67,56,0
801,67,57,0
802,67,58,0
803,67,59,0
804,67,60,0
805,67,61,0
806,67,62,0
807,68,29,0
808,68,30,0
809,68,31,0
810,68,32,1
811,68,33,4
812,68,34,0
813,68,35,0
814,68,36,0
815,68,37,0
816,68,38,2
817,68,39,3
818,68,40,17
819,68,41,8
820,68,42,34
821,68,43,7
822,68,44,0
823,68,45,0
824,68,46,9
825,68,47,0
826,68,48,0
827,68,49,0
828,68,50,0
829,68,51,29
830,68,52,0
831,68,53,3
832,68,54,1
833,68,55,0
834,68,56,0
835,68,57,0
836,68,58,5
837,68,59,0
838,68,60,0
839,68,61,0
840,68,62,10
841,69,29,0
842,69,30,0
843,69,31,0
844,69,32,0
845,69,33,0
846,69,34,0
847,69,35,0
848,69,36,7
849,69,37,27
850,69,38,14
851,69,39,0
852,69,40,4
853,69,41,0
854,69,42,2
855,69,43,0
856,69,44,1
857,69,45,0
858,69,46,0
859,69,47,0
860,69,48,10
861,69,49,0
862,69,50,0
863,69,51,0
864,69,52,0
865,69,53,3
866,69,54,3
867,69,55,7
868,69,56,0
869,69,57,14
870,69,58,23
871,69,59,5
872,69,60,0
873,69,61,0
874,69,62,0
875,69,63,0
876,70,30,0
877,70,31,0
878,70,32,0
879,70,33,4
880,70,34,0
881,70,35,0
882,70,36,23
883,70,37,53
884,70,38,6
885,70,39,0
886,70,40,3
887,70,41,10
888,70,42,18
889,70,43,29
890,70,44,17
891,70,45,0
892,70,46,0
893,70,47,0
894,70,48,0
895,70,49,4
896,70,50,0
897,70,51,51
898,70,52,0
899,70,53,5
900,70,54,2
901,70,55,3
902,70,56,0
903,70,57,18
904,70,58,8
905,70,59,6
906,70,60,0
907,70,61,0
908,70,62,0
909,70,63,0
910,71,20,0
911,71,21,0
912,71,22,0
913,71,23,0
914,71,24,0
915,71,25,0
916,71,26,0
917,71,27,0
918,71,30,0
919,71,31,0
920,71,32,3
921,71,33,0
922,71,34,0
923,71,35,0
924,71,36,4
925,71,37,11
926,71,38,0
927,71,39,0
928,71,40,9
929,71,41,88
930,71,42,49
931,71,43,5
932,71,44,0
933,71,45,0
934,71,46,1
935,71,47,8
936,71,48,0
937,71,49,0
938,71,50,0
939,71,51,0
940,71,52,0
941,71,53,3
942,71,54,24
943,71,55,6
944,71,56,10
945,71,57,29
946,71,58,18
947,71,59,26
948,71,60,2
949,71,61,0
950,71,62,0
951,71,63,0
952,71,64,0
953,72,14,0
954,72,15,0
955,72,16,0
956,72,17,0
957,72,18,0
958,72,19,0
959,72,20,0
960,72,21,0
961,72,22,0
962,72,23,0
963,72,24,0
964,72,25,0
965,72,26,0
966,72,27,0
967,72,28,0
968,72,29,0
969,72,30,0
970,72,31,0
971,72,32,7
972,72,33,0
973,72,34,0
974,72,35,0
975,72,36,15
976,72,37,44
977,72,38,21
978,72,39,3
979,72,40,16
980,72,41,43
981,72,42,13
982,72,43,5
983,72,44,0
984,72,45,0
985,72,46,9
986,72,47,0
987,72,48,7
988,72,49,0
989,72,50,0
990,72,51,0
991,72,52,4
992,72,53,5
993,72,54,14
994,72,55,0
995,72,56,15
996,72,57,11
997,72,58,15
998,72,59,22
999,72,60,0
1000,72,61,0
1001,72,62,0
1002,72,63,0
1003,72,64,0
1004,73,13,0
1005,73,14,0
1006,73,15,0
1007,73,16,0
1008,73,17,0
1009,73,18,0
1010,73,19,0
1011,73,20,4
1012,73,21,0
1013,73,22,7
1014,73,23,6
1015,73,24,4
1016,73,25,0
1017,73,26,0
1018,73,27,0
1019,73,28,0
1020,73,29,0
1021,73,30,0
1022,73,31,1
1023,73,32,0
1024,73,33,0
1025,73,34,0
1026,73,35,5
1027,73,36,11
1028,73,37,2
1029,73,38,1
1030,73,39,50
1031,73,40,9
1032,73,41,4
1033,73,42,0
1034,73,43,0
1035,73,44,0
1036,73,45,0
1037,73,46,0
1038,73,47,0
1039,73,48,0
1040,73,49,0
1041,73,50,0
1042,73,51,0
1043,73,52,1
1044,73,53,10
1045,73,54,94
1046,73,55,40
1047,73,56,31
1048,73,57,1
1049,73,58,0
1050,73,59,2
1051,73,60,1
1052,73,61,2
1053,73,62,4
1054,73,63,0
1055,73,64,0
1056,73,65,0
1057,74,13,0
1058,74,14,0
1059,74,15,0
1060,74,16,1
1061,74,17,11
1062,74,18,0
1063,74,19,4
1064,74,20,6
1065,74,21,8
1066,74,22,16
1067,74,23,9
1068,74,24,11
1069,74,25,0
1070,74,26,0
1071,74,27,0
1072,74,28,0
1073,74,29,0
1074,74,30,0
1075,74,31,0
1076,74,32,0
1077,74,33,3
1078,74,34,4
1079,74,35,21
1080,74,36,12
1081,74,37,115
1082,74,38,9
1083,74,39,15
1084,74,40,0
1085,74,41,0
1086,74,42,0
1087,74,43,0
1088,74,44,0
1089,74,45,0
1090,74,46,0
1091,74,47,0
1092,74,48,0
1093,74,49,0
1094,74,50,1
1095,74,51,19
1096,74,52,15
1097,74,53,108
1098,74,54,373
1099,74,55,36
1100,74,56,2
1101,74,57,3
1102,74,58,0
1103,74,59,2
1104,74,60,27
1105,74,61,3
1106,74,62,9
1107,74,63,0
1108,74,64,0
1109,74,65,0
1110,74,66,3
1111,74,67,0
1112,75,12,0
1113,75,13,0
1114,75,14,0
1115,75,15,0
1116,75,16,0
1117,75,17,0
1118,75,18,1
1119,75,19,18
1120,75,20,2
1121,75,21,1
1122,75,22,0
1123,75,23,0
1124,75,24,0
1125,75,25,0
1126,75,26,13
1127,75,27,21
1128,75,28,0
1129,75,29,0
1130,75,30,5
1131,75,31,8
1132,75,32,0
1133,75,33,0
1134,75,34,26
1135,75,35,7
1136,75,36,14
1137,75,37,7
1138,75,38,34
1139,75,39,78
1140,75,40,14
1141,75,41,0
1142,75,42,0
1143,75,43,0
1144,75,44,1
1145,75,45,0
1146,75,46,0
1147,75,47,6
1148,75,48,0
1149,75,49,0
1150,75,50,0
1151,75,51,1
1152,75,52,15
1153,75,53,121
1154,75,54,112
1155,75,55,49
1156,75,56,5
1157,75,57,2
1158,75,58,2
1159,75,59,4
1160,75,60,0
1161,75,61,3
1162,75,62,0
1163,75,63,0
1164,75,64,0
1165,75,65,0
1166,75,66,0
1167,75,67,0
1168,75,68,0
1169,76,11,0
1170,76,12,0
1171,76,13,0
1172,76,14,0
1173,76,15,0
1174,76,16,0
1175,76,17,0
1176,76,18,0
1177,76,19,6
1178,76,20,0
1179,76,21,2
1180,76,22,0
1181,76,23,0
1182,76,24,0
1183,76,25,2
1184,76,26,9
1185,76,27,23
1186,76,28,4
1187,76,29,32
1188,76,30,54
1189,76,31,13
1190,76,32,1
1191,76,33,4
1192,76,34,74
1193,76,35,7
1194,76,36,9
1195,76,37,14
1196,76,38,113
1197,76,39,87
1198,76,40,11
1199,76,41,0
1200,76,42,0
1201,76,43,0
1202,76,44,0
1203,76,45,0
1204,76,46,0
1205,76,47,5
1206,76,48,6
1207,76,49,0
1208,76,50,0
1209,76,51,4
1210,76,52,0
1211,76,53,57
1212,76,54,63
1213,76,55,0
1214,76,56,0
1215,76,57,3
1216,76,58,0
1217,76,59,1
1218,76,60,0
1219,76,61,0
1220,76,62,0
1221,76,63,4
1222,76,64,0
1223,76,65,0
1224,76,66,0
1225,76,67,0
1226,76,68,0
1227,77,10,0
1228,77,11,0
1229,77,12,0
1230,77,13,0
1231,77,14,0
1232,77,15,0
1233,77,16,1
1234,77,17,0
1235,77,18,0
1236,77,19,0
1237,77,20,89
1238,77,21,81
1239,77,22,6
1240,77,23,0
1241,77,24,10
1242,77,25,0
1243,77,26,0
1244,77,27,0
1245,77,28,3
1246,77,29,17
1247,77,30,29
1248,77,31,6
1249,77,32,0
1250,77,33,11
1251,77,34,23
1252,77,35,13
1253,77,36,41
1254,77,37,9
1255,77,38,194
1256,77,39,87
1257,77,40,17
1258,77,41,0
1259,77,42,0
1260,77,43,0
1261,77,44,1
1262,77,45,0
1263,77,46,1
1264,77,47,5
1265,77,48,0
1266,77,49,0
1267,77,50,0
1268,77,51,0
1269,77,52,6
1270,77,53,44
1271,77,54,15
1272,77,55,35
1273,77,56,5
1274,77,57,1
1275,77,58,0
1276,77,59,0
1277,77,60,0
1278,77,61,0
1279,77,62,0
1280,77,63,0
1281,77,64,0
1282,77,65,0
1283,77,66,0
1284,77,67,0
1285,77,68,0
1286,78,9,0
1287,78,10,0
1288,78,11,0
1289,78,12,0
1290,78,13,3
1291,78,14,8
1292,78,15,0
1293,78,16,0
1294,78,17,0
1295,78,18,8
1296,78,19,12
1297,78,20,48
1298,78,21,23
1299,78,22,6
1300,78,23,2
1301,78,24,1
1302,78,25,0
1303,78,26,0
1304,78,27,0
1305,78,28,0
1306,78,29,0
1307,78,30,2
1308,78,31,1
1309,78,32,19
1310,78,33,12
1311,78,34,1
1312,78,35,12
1313,78,36,101
1314,78,37,60
1315,78,38,61
1316,78,39,54
1317,78,40,4
1318,78,41,0
1319,78,42,7
1320,78,43,10
1321,78,44,0
1322,78,45,0
1323,78,46,0
1324,78,47,0
1325,78,48,0
1326,78,49,0
1327,78,50,1
1328,78,51,0
1329,78,52,1
1330,78,53,11
1331,78,54,16
1332,78,55,13
1333,78,56,0
1334,78,57,0
1335,78,58,0
1336,78,59,0
1337,78,60,2
1338,78,61,0
1339,78,62,0
1340,78,63,0
1341,78,64,1
1342,78,65,0
1343,78,66,0
1344,78,67,0
1345,78,68,0
1346,78,69,0
1347,79,8,0
1348,79,9,0
1349,79,10,0
1350,79,11,0
1351,79,12,0
1352,79,13,5
1353,79,14,0
1354,79,15,1
1355,79,16,0
1356,79,17,0
1357,79,18,2
1358,79,19,0
1359,79,20,6
1360,79,21,0
1361,79,22,0
1362,79,23,0
1363,79,24,4
1364,79,25,0
1365,79,26,2
1366,79,27,4
1367,79,28,24
1368,79,29,51
1369,79,30,113
1370,79,31,29
1371,79,32,4
1372,79,33,23
1373,79,34,5
1374,79,35,72
1375,79,36,13
1376,79,37,10
1377,79,38,52
1378,79,39,54
1379,79,40,4
1380,79,41,4
1381,79,42,11
1382,79,43,2
1383,79,44,16
1384,79,45,9
1385,79,46,1
1386,79,47,18
1387,79,48,44
1388,79,49,29
1389,79,50,17
1390,79,51,0
1391,79,52,0
1392,79,53,0
1393,79,54,0
1394,79,55,1
1395,79,56,0
1396,79,57,0
1397,79,58,0
1398,79,59,0
1399,79,60,0
1400,79,61,0
1401,79,62,0
1402,79,63,0
1403,79,64,0
1404,79,65,0
1405,79,66,0
1406,79,67,0
1407,79,68,0
1408,79,69,0
1409,79,70,0
1410,80,7,0
1411,80,8,0
1412,80,9,0
1413,80,10,0
1414,80,11,0
1415,80,12,0
1416,80,13,2
1417,80,14,0
1418,80,15,0
1419,80,16,0
1420,80,17,0
1421,80,18,0
1422,80,19,0
1423,80,20,0
1424,80,21,0
1425,80,22,0
1426,80,23,2
1427,80,24,0
1428,80,25,0
1429,80,26,0
1430,80,27,4
1431,80,28,55
1432,80,29,118
1433,80,30,168
1434,80,31,111
1435,80,32,4
1436,80,33,15
1437,80,34,39
1438,80,35,51
1439,80,36,9
1440,80,37,56
1441,80,38,108
1442,80,39,81
1443,80,40,97
1444,80,41,4
1445,80,42,0
1446,80,43,0
1447,80,44,4
1448,80,45,1
1449,80,46,5
1450,80,47,63
1451,80,48,33
1452,80,49,20
1453,80,50,38
1454,80,51,7
1455,80,52,1
1456,80,53,1
1457,80,54,5
1458,80,55,3
1459,80,56,5
1460,80,57,4
1461,80,58,0
1462,80,59,8
1463,80,60,3
1464,80,61,4
1465,80,62,0
1466,80,63,0
1467,80,64,0
1468,80,65,0
1469,80,66,0
1470,80,67,0
1471,80,68,0
1472,80,69,0
1473,80,70,0
1474,81,7,0
1475,81,8,0
1476,81,9,0
1477,81,10,0
1478,81,11,0
1479,81,12,0
1480,81,13,0
1481,81,14,0
1482,81,15,0
1483,81,16,0
1484,81,17,0
1485,81,18,0
1486,81,19,0
1487,81,20,0
1488,81,21,6
1489,81,22,0
1490,81,23,1
1491,81,24,4
1492,81,25,10
1493,81,26,0
1494,81,27,5
1495,81,28,11
1496,81,29,9
1497,81,30,7
1498,81,31,58
1499,81,32,113
1500,81,33,101
1501,81,34,59
1502,81,35,272
1503,81,36,47
1504,81,37,89
1505,81,38,172
1506,81,39,114
1507,81,40,62
1508,81,41,0
1509,81,42,22
1510,81,43,72
1511,81,44,74
1512,81,45,11
1513,81,46,7
1514,81,47,71
1515,81,48,14
1516,81,49,79
1517,81,50,0
1518,81,51,0
1519,81,52,0
1520,81,53,14
1521,81,54,19
1522,81,55,4
1523,81,56,32
1524,81,57,0
1525,81,58,0
1526,81,59,12
1527,81,60,0
1528,81,61,0
1529,81,62,0
1530,81,63,0
1531,81,64,0
1532,81,65,0
1533,81,66,0
1534,81,67,0
1535,81,68,0
1536,81,69,0
1537,81,70,0
1538,81,71,0
1539,82,7,0
1540,82,8,0
1541,82,9,0
1542,82,10,0
1543,82,11,0
1544,82,12,0
1545,82,13,0
1546,82,14,0
1547,82,15,0
1548,82,16,0
1549,82,17,0
1550,82,18,0
1551,82,19,0
1552,82,20,2
1553,82,21,0
1554,82,22,3
1555,82,23,23
1556,82,24,15
1557,82,25,5
1558,82,26,10
1559,82,27,0
1560,82,28,0
1561,82,29,0
1562,82,30,6
1563,82,31,56
1564,82,32,142
1565,82,33,174
1566,82,34,98
1567,82,35,183
1568,82,36,126
1569,82,37,70
1570,82,38,129
1571,82,39,23
1572,82,40,13
1573,82,41,43
1574,82,42,213
1575,82,43,261
1576,82,44,90
1577,82,45,30
1578,82,46,76
1579,82,47,23
1580,82,48,29
1581,82,49,2
1582,82,50,0
1583,82,51,8
1584,82,52,0
1585,82,53,0
1586,82,54,28
1587,82,55,25
1588,82,56,86
1589,82,57,65
1590,82,58,13
1591,82,59,0
1592,82,60,2
1593,82,61,4
1594,82,62,0
1595,82,63,0
1596,82,64,0
1597,82,65,0
1598,82,66,0
1599,82,67,1
1600,82,68,1
1601,82,69,0
1602,82,70,4
1603,82,71,0
1604,83,9,0
1605,83,10,0
1606,83,11,0
1607,83,12,0
1608,83,13,0
1609,83,14,0
1610,83,15,0
1611,83,16,0
1612,83,17,0
1613,83,18,0
1614,83,19,3
1615,83,20,14
1616,83,21,0
1617,83,22,13
1618,83,23,5
1619,83,24,5
1620,83,25,9
1621,83,26,24
1622,83,27,0
1623,83,28,0
1624,83,29,0
1625,83,30,0
1626,83,31,21
1627,83,32,90
1628,83,33,137
1629,83,34,49
1630,83,35,33
1631,83,36,133
1632,83,37,129
1633,83,38,129
1634,83,39,1
1635,83,40,276
1636,83,41,91
1637,83,42,49
1638,83,43,69
1639,83,44,63
1640,83,45,80
1641,83,46,73
1642,83,47,83
1643,83,48,142
1644,83,49,16
1645,83,50,1
1646,83,51,0
1647,83,52,0
1648,83,53,0
1649,83,54,28
1650,83,55,138
1651,83,56,301
1652,83,57,329
1653,83,58,20
1654,83,59,0
1655,83,60,0
1656,83,61,0
1657,83,62,0
1658,83,63,0
1659,83,64,0
1660,83,65,2
1661,83,66,1
1662,83,67,0
1663,83,68,0
1664,83,69,0
1665,83,70,0
1666,83,71,0
1667,84,11,0
1668,84,12,0
1669,84,13,0
1670,84,14,0
1671,84,15,0
1672,84,16,0
1673,84,17,0
1674,84,18,0
1675,84,19,0
1676,84,20,1
1677,84,21,0
1678,84,22,2
1679,84,23,0
1680,84,24,0
1681,84,25,0
1682,84,26,0
1683,84,27,0
1684,84,28,0
1685,84,29,0
1686,84,30,0
1687,84,31,0
1688,84,32,33
1689,84,33,155
1690,84,34,89
1691,84,35,0
1692,84,36,60
1693,84,37,163
1694,84,38,114
1695,84,39,6
1696,84,40,0
1697,84,41,108
1698,84,42,50
1699,84,43,75
1700,84,44,66
1701,84,45,134
1702,84,46,183
1703,84,47,89
1704,84,48,117
1705,84,49,43
1706,84,50,96
1707,84,51,0
1708,84,52,0
1709,84,53,6
1710,84,54,31
1711,84,55,14
1712,84,56,91
1713,84,57,106
1714,84,58,15
1715,84,59,9
1716,84,60,0
1717,84,61,1
1718,84,62,0
1719,84,63,0
1720,84,64,0
1721,84,65,0
1722,84,66,0
1723,84,67,0
1724,84,68,2
1725,84,69,0
1726,84,70,0
1727,84,71,0
1728,85,13,0
1729,85,14,0
1730,85,15,0
1731,85,16,0
1732,85,17,0
1733,85,18,0
1734,85,19,0
1735,85,20,0
1736,85,21,0
1737,85,22,0
1738,85,23,0
1739,85,24,0
1740,85,25,0
1741,85,26,0
1742,85,27,0
1743,85,28,0
1744,85,29,0
1745,85,30,0
1746,85,31,0
1747,85,32,114
1748,85,33,171
1749,85,34,82
1750,85,35,61
1751,85,36,165
1752,85,37,194
1753,85,38,133
1754,85,39,42
1755,85,40,318
1756,85,41,306
1757,85,42,27
1758,85,43,0
1759,85,44,70
1760,85,45,143
1761,85,46,198
1762,85,47,194
1763,85,48,92
1764,85,49,29
1765,85,50,25
1766,85,51,9
1767,85,52,0
1768,85,53,7
1769,85,54,15
1770,85,55,1
1771,85,56,9
1772,85,57,11
1773,85,58,5
1774,85,59,0
1775,85,60,0
1776,85,61,1
1777,85,62,5
1778,85,63,0
1779,85,64,0
1780,85,65,2
1781,85,66,0
1782,85,67,0
1783,85,68,0
1784,85,69,0
1785,85,70,0
1786,86,14,0
1787,86,15,0
1788,86,16,0
1789,86,17,0
1790,86,18,2
1791,86,19,0
1792,86,20,3
1793,86,21,2
1794,86,22,0
1795,86,23,0
1796,86,24,0
1797,86,25,0
1798,86,26,0
1799,86,27,0
1800,86,28,0
1801,86,29,0
1802,86,30,0
1803,86,31,1
1804,86,32,235
1805,86,33,353
1806,86,34,125
1807,86,35,61
1808,86,36,86
1809,86,37,72
1810,86,38,118
1811,86,39,134
1812,86,40,58
1813,86,41,121
1814,86,42,14
1815,86,43,0
1816,86,44,101
1817,86,45,39
1818,86,46,116
1819,86,47,147
1820,86,48,71
1821,86,49,37
1822,86,50,38
1823,86,51,13
1824,86,52,17
1825,86,53,23
1826,86,54,4
1827,86,55,1
1828,86,56,4
1829,86,57,8
1830,86,58,9
1831,86,59,7
1832,86,60,4
1833,86,61,0
1834,86,62,5
1835,86,63,0
1836,86,64,1
1837,86,65,0
1838,86,66,8
1839,86,67,0
1840,86,68,0
1841,86,69,0
1842,86,70,1
1843,86,71,1
1844,86,72,0
1845,86,73,3
1846,87,16,0
1847,87,17,0
1848,87,18,1
1849,87,19,0
1850,87,20,6
1851,87,21,0
1852,87,22,0
1853,87,23,0
1854,87,24,0
1855,87,25,0
1856,87,26,0
1857,87,27,0
1858,87,28,0
1859,87,29,0
1860,87,30,0
1861,87,31,0
1862,87,32,107
1863,87,33,99
1864,87,34,106
1865,87,35,95
1866,87,36,141
1867,87,37,316
1868,87,38,269
1869,87,39,171
1870,87,40,277
1871,87,41,122
1872,87,42,112
1873,87,43,110
1874,87,44,154
1875,87,45,102
1876,87,46,61
1877,87,47,160
1878,87,48,97
1879,87,49,29
1880,87,50,98
1881,87,51,36
1882,87,52,14
1883,87,53,5
1884,87,54,3
1885,87,55,12
1886,87,56,7
1887,87,57,5
1888,87,58,4
1889,87,59,2
1890,87,60,0
1891,87,61,1
1892,87,62,0
1893,87,63,0
1894,87,64,0
1895,87,65,0
1896,87,66,0
1897,87,67,0
1898,87,68,0
1899,87,69,3
1900,87,70,0
1901,87,71,0
1902,87,72,0
1903,87,73,0
1904,88,17,0
1905,88,18,0
1906,88,19,0
1907,88,20,3
1908,88,21,7
1909,88,22,1
1910,88,23,0
1911,88,24,0
1912,88,25,0
1913,88,26,0
1914,88,27,0
1915,88,28,0
1916,88,29,0
1917,88,30,22
1918,88,31,41
1919,88,32,60
1920,88,33,301
1921,88,34,132
1922,88,35,72
1923,88,36,192
1924,88,37,431
1925,88,38,253
1926,88,39,157
1927,88,40,284
1928,88,41,263
1929,88,42,160
1930,88,43,116
1931,88,44,281
1932,88,45,127
1933,88,46,94
1934,88,47,72
1935,88,48,92
1936,88,49,66
1937,88,50,80
1938,88,51,17
1939,88,52,0
1940,88,53,0
1941,88,54,0
1942,88,55,0
1943,88,56,0
1944,88,57,2
1945,88,58,0
1946,88,59,0
1947,88,60,0
1948,88,61,0
1949,88,62,0
1950,88,63,0
1951,88,64,0
1952,88,65,0
1953,88,66,0
1954,88,67,0
1955,88,68,0
1956,88,69,0
1957,88,70,3
1958,88,71,0
1959,88,72,0
1960,88,73,2
1961,89,18,0
1962,89,19,0
1963,89,20,0
1964,89,21,2
1965,89,22,0
1966,89,23,0
1967,89,24,0
1968,89,25,0
1969,89,26,0
1970,89,27,0
1971,89,28,0
1972,89,29,0
1973,89,30,22
1974,89,31,134
1975,89,32,282
1976,89,33,123
1977,89,34,189
1978,89,35,79
1979,89,36,181
1980,89,37,230
1981,89,38,175
1982,89,39,276
1983,89,40,260
1984,89,41,361
1985,89,42,207
1986,89,43,59
1987,89,44,157
1988,89,45,30
1989,89,46,7
1990,89,47,216
1991,89,48,110
1992,89,49,112
1993,89,50,11
1994,89,51,1
1995,89,52,0
1996,89,53,4
1997,89,54,0
1998,89,55,0
1999,89,56,0
2000,89,57,0
2001,89,58,0
2002,89,59,0
2003,89,60,0
2004,89,61,0
2005,89,62,0
2006,89,63,0
2007,89,64,0
2008,89,65,0
2009,89,66,0
2010,89,67,0
2011,89,68,0
2012,89,69,0
2013,89,70,0
2014,89,71,0
2015,89,72,0
2016,89,73,0
2017,89,74,0
2018,90,19,0
2019,90,20,0
2020,90,21,0
2021,90,22,0
2022,90,23,0
2023,90,24,0
2024,90,25,0
2025,90,26,4
2026,90,27,12
2027,90,28,0
2028,90,29,0
2029,90,30,41
2030,90,31,129
2031,90,32,175
2032,90,33,469
2033,90,34,246
2034,90,35,304
2035,90,36,392
2036,90,37,162
2037,90,38,213
2038,90,39,221
2039,90,40,153
2040,90,41,170
2041,90,42,243
2042,90,43,73
2043,90,44,137
2044,90,45,30
2045,90,46,35
2046,90,47,152
2047,90,48,149
2048,90,49,183
2049,90,50,14
2050,90,51,10
2051,90,52,0
2052,90,53,8
2053,90,54,2
2054,90,55,0
2055,90,56,32
2056,90,57,0
2057,90,58,9
2058,90,59,0
2059,90,60,0
2060,90,61,0
2061,90,62,1
2062,90,63,0
2063,90,64,0
2064,90,65,0
2065,90,66,0
2066,90,67,0
2067,90,68,0
2068,90,69,0
2069,90,70,0
2070,90,71,0
2071,90,72,0
2072,90,73,0
2073,90,74,0
2074,91,21,0
2075,91,22,0
2076,91,23,0
2077,91,24,12
2078,91,25,29
2079,91,26,19
2080,91,27,227
2081,91,28,217
2082,91,29,122
2083,91,30,156
2084,91,31,188
2085,91,32,150
2086,91,33,395
2087,91,34,545
2088,91,35,271
2089,91,36,332
2090,91,37,120
2091,91,38,22
2092,91,39,24
2093,91,40,161
2094,91,41,253
2095,91,42,386
2096,91,43,180
2097,91,44,44
2098,91,45,106
2099,91,46,206
2100,91,47,153
2101,91,48,113
2102,91,49,37
2103,91,50,40
2104,91,51,41
2105,91,52,14
2106,91,53,10
2107,91,54,0
2108,91,55,0
2109,91,56,0
2110,91,57,0
2111,91,58,0
2112,91,59,0
2113,91,60,0
2114,91,61,0
2115,91,62,0
2116,91,63,0
2117,91,64,0
2118,91,65,0
2119,91,66,0
2120,91,68,0
2121,91,69,0
2122,92,22,0
2123,92,23,0
2124,92,24,9
2125,92,25,28
2126,92,26,215
2127,92,27,9
2128,92,28,45
2129,92,29,242
2130,92,30,277
2131,92,31,188
2132,92,32,136
2133,92,33,227
2134,92,34,628
2135,92,35,607
2136,92,36,501
2137,92,37,363
2138,92,38,233
2139,92,39,78
2140,92,40,147
2141,92,41,277
2142,92,42,141
2143,92,43,39
2144,92,44,22
2145,92,45,55
2146,92,46,84
2147,92,47,99
2148,92,48,84
2149,92,49,3
2150,92,50,34
2151,92,51,24
2152,92,52,20
2153,92,53,25
2154,92,54,48
2155,92,55,0
2156,92,56,0
2157,92,57,0
2158,92,58,19
2159,92,59,0
2160,92,60,0
2161,92,61,0
2162,92,62,0
2163,92,63,0
2164,92,64,0
2165,92,65,0
2166,92,66,0
2167,92,67,0
2168,93,23,0
2169,93,24,0
2170,93,25,14
2171,93,26,26
2172,93,27,68
2173,93,28,247
2174,93,29,205
2175,93,30,179
2176,93,31,157
2177,93,32,51
2178,93,33,381
2179,93,34,882
2180,93,35,418
2181,93,36,536
2182,93,37,613
2183,93,38,276
2184,93,39,179
2185,93,40,383
2186,93,41,131
2187,93,42,109
2188,93,43,42
2189,93,44,49
2190,93,45,2
2191,93,46,108
2192,93,47,86
2193,93,48,78
2194,93,49,39
2195,93,50,35
2196,93,51,30
2197,93,52,0
2198,93,53,28
2199,93,54,0
2200,93,55,3
2201,93,56,38
2202,93,57,0
2203,93,58,0
2204,93,59,0
2205,93,60,0
2206,93,61,0
2207,93,62,0
2208,93,63,0
2209,93,64,0
2210,93,65,0
2211,93,66,0
2212,93,67,0
2213,94,24,0
2214,94,25,0
2215,94,26,0
2216,94,27,47
2217,94,28,183
2218,94,29,31
2219,94,30,145
2220,94,31,172
2221,94,32,208
2222,94,33,440
2223,94,34,344
2224,94,35,235
2225,94,36,183
2226,94,37,270
2227,94,38,338
2228,94,39,329
2229,94,40,356
2230,94,41,285
2231,94,42,426
2232,94,43,96
2233,94,44,83
2234,94,45,115
2235,94,46,74
2236,94,47,43
2237,94,48,34
2238,94,49,0
2239,94,50,6
2240,94,51,10
2241,94,52,12
2242,94,53,4
2243,94,54,11
2244,94,55,0
2245,94,56,0
2246,94,57,0
2247,94,58,0
2248,94,59,0
2249,94,60,0
2250,94,61,0
2251,94,62,0
2252,94,63,0
2253,94,64,0
2254,94,65,3
2255,94,66,0
2256,94,67,0
2257,94,68,0
2258,94,69,0
2259,95,24,0
2260,95,25,0
2261,95,26,0
2262,95,27,0
2263,95,28,0
2264,95,29,16
2265,95,30,59
2266,95,31,59
2267,95,32,342
2268,95,33,415
2269,95,34,508
2270,95,35,121
2271,95,36,206
2272,95,37,237
2273,95,38,267
2274,95,39,151
2275,95,40,384
2276,95,41,309
2277,95,42,275
2278,95,43,86
2279,95,44,96
2280,95,45,45
2281,95,46,84
2282,95,47,13
2283,95,48,1
2284,95,49,1
2285,95,50,4
2286,95,51,0
2287,95,52,15
2288,95,53,16
2289,95,54,30
2290,95,55,0
2291,95,56,0
2292,95,57,0
2293,95,58,0
2294,95,59,0
2295,95,60,0
2296,95,61,0
2297,95,62,0
2298,95,63,0
2299,95,64,0
2300,95,65,0
2301,95,66,2
2302,95,67,0
2303,95,68,0
2304,95,69,0
2305,95,70,0
2306,96,25,0
2307,96,26,2
2308,96,27,0
2309,96,28,0
2310,96,29,0
2311,96,30,31
2312,96,31,95
2313,96,32,213
2314,96,33,452
2315,96,34,188
2316,96,35,11
2317,96,36,43
2318,96,37,140
2319,96,38,247
2320,96,39,575
2321,96,40,314
2322,96,41,164
2323,96,42,213
2324,96,43,31
2325,96,44,113
2326,96,45,63
2327,96,46,211
2328,96,47,53
2329,96,48,4
2330,96,49,6
2331,96,50,1
2332,96,51,0
2333,96,52,0
2334,96,53,0
2335,96,54,13
2336,96,55,6
2337,96,56,1
2338,96,57,8
2339,96,58,0
2340,96,59,16
2341,96,60,0
2342,96,61,0
2343,96,62,0
2344,96,63,0
2345,96,64,0
2346,96,65,0
2347,96,66,0
2348,96,67,0
2349,96,68,0
2350,96,69,0
2351,96,70,0
2352,97,26,0
2353,97,27,1
2354,97,28,0
2355,97,29,12
2356,97,30,0
2357,97,31,134
2358,97,32,141
2359,97,33,301
2360,97,34,117
2361,97,35,3
2362,97,36,7
2363,97,37,191
2364,97,38,256
2365,97,39,191
2366,97,40,383
2367,97,41,347
2368,97,42,82
2369,97,43,41
2370,97,44,52
2371,97,45,39
2372,97,46,187
2373,97,47,65
2374,97,48,54
2375,97,49,44
2376,97,50,38
2377,97,51,20
2378,97,52,7
2379,97,53,86
2380,97,54,34
2381,97,55,20
2382,97,56,0
2383,97,57,0
2384,97,58,0
2385,97,59,0
2386,97,60,0
2387,97,61,0
2388,97,62,1
2389,97,63,1
2390,97,64,0
2391,97,65,0
2392,97,66,0
2393,97,67,0
2394,97,68,7
2395,97,69,0
2396,98,26,0
2397,98,27,0
2398,98,28,0
2399,98,29,0
2400,98,30,68
2401,98,31,60
2402,98,32,104
2403,98,33,202
2404,98,34,73
2405,98,35,8
2406,98,36,27
2407,98,37,175
2408,98,38,180
2409,98,39,0
2410,98,40,150
2411,98,41,412
2412,98,42,217
2413,98,43,7
2414,98,44,0
2415,98,45,151
2416,98,46,214
2417,98,47,59
2418,98,48,79
2419,98,49,0
2420,98,50,97
2421,98,51,83
2422,98,52,149
2423,98,53,182
2424,98,54,152
2425,98,55,62
2426,98,56,17
2427,98,57,0
2428,98,58,0
2429,98,59,4
2430,98,60,0
2431,98,61,20
2432,98,62,10
2433,98,63,1
2434,98,64,0
2435,98,65,3
2436,98,66,11
2437,98,67,0
2438,98,68,0
2439,98,69,0
2440,98,70,0
2441,99,26,0
2442,99,27,0
2443,99,28,1
2444,99,29,1
2445,99,30,93
2446,99,31,44
2447,99,32,99
2448,99,33,278
2449,99,34,97
2450,99,35,0
2451,99,36,0
2452,99,37,33
2453,99,38,40
2454,99,39,5
2455,99,40,11
2456,99,41,234
2457,99,42,100
2458,99,43,17
2459,99,44,117
2460,99,45,32
2461,99,46,53
2462,99,47,26
2463,99,48,8
2464,99,49,21
2465,99,50,12
2466,99,51,9
2467,99,52,106
2468,99,53,86
2469,99,54,295
2470,99,55,91
2471,99,56,30
2472,99,57,0
2473,99,58,13
2474,99,59,0
2475,99,60,17
2476,99,61,115
2477,99,62,36
2478,99,63,29
2479,99,64,4
2480,99,65,12
2481,99,66,0
2482,99,67,5
2483,99,68,6
2484,99,69,0
2485,99,70,0
2486,100,27,0
2487,100,28,0
2488,100,29,34
2489,100,30,1
2490,100,31,0
2491,100,32,205
2492,100,33,206
2493,100,34,48
2494,100,35,0
2495,100,36,0
2496,100,37,0
2497,100,38,0
2498,100,39,21
2499,100,40,86
2500,100,41,113
2501,100,42,12
2502,100,43,0
2503,100,44,0
2504,100,45,13
2505,100,46,79
2506,100,47,9
2507,100,48,23
2508,100,49,7
2509,100,50,5
2510,100,51,19
2511,100,52,21
2512,100,53,20
2513,100,54,23
2514,100,55,59
2515,100,56,26
2516,100,57,0
2517,100,58,0
2518,100,59,30
2519,100,60,57
2520,100,61,229
2521,100,62,64
2522,100,63,17
2523,100,64,0
2524,100,65,0
2525,100,66,0
2526,100,69,0
2527,100,70,0
2528,101,28,0
2529,101,29,0
2530,101,30,0
2531,101,31,0
2532,101,32,6
2533,101,33,2
2534,101,34,3
2535,101,35,0
2536,101,36,5
2537,101,37,0
2538,101,38,43
2539,101,39,3
2540,101,40,10
2541,101,41,27
2542,101,42,21
2543,101,43,6
2544,101,44,60
2545,101,45,55
2546,101,46,42
2547,101,47,79
2548,101,48,10
2549,101,49,12
2550,101,50,30
2551,101,51,23
2552,101,52,11
2553,101,53,9
2554,101,54,10
2555,101,55,19
2556,101,56,0
2557,101,57,0
2558,101,58,2
2559,101,59,0
2560,101,60,15
2561,101,61,54
2562,101,62,93
2563,101,63,12
2564,101,64,0
2565,101,65,0
2566,101,66,0
2567,102,29,0
2568,102,30,0
2569,102,31,20
2570,102,32,10
2571,102,33,6
2572,102,34,10
2573,102,35,1
2574,102,36,0
2575,102,37,0
2576,102,38,0
2577,102,39,24
2578,102,40,11
2579,102,41,0
2580,102,42,0
2581,102,43,5
2582,102,44,14
2583,102,45,215
2584,102,46,56
2585,102,47,21
2586,102,48,6
2587,102,49,0
2588,102,50,9
2589,102,51,21
2590,102,52,0
2591,102,53,7
2592,102,54,0
2593,102,55,14
2594,102,56,0
2595,102,57,0
2596,102,58,0
2597,102,59,0
2598,102,60,6
2599,102,61,43
2600,102,62,5
2601,102,63,0
2602,102,64,10
2603,102,65,0
2604,103,29,0
2605,103,30,18
2606,103,31,38
2607,103,32,4
2608,103,33,1
2609,103,34,0
2610,103,35,0
2611,103,36,0
2612,103,37,0
2613,103,38,7
2614,103,39,11
2615,103,40,0
2616,103,41,0
2617,103,42,0
2618,103,43,0
2619,103,44,1
2620,103,45,78
2621,103,46,85
2622,103,47,40
2623,103,48,2
2624,103,49,0
2625,103,50,4
2626,103,51,8
2627,103,52,0
2628,103,53,0
2629,103,54,0
2630,103,55,0
2631,103,56,0
2632,103,57,1
2633,103,58,0
2634,103,59,0
2635,103,60,0
2636,103,61,0
2637,103,62,0
2638,103,63,19
2639,103,64,0
2640,103,65,0
2641,104,29,0
2642,104,30,53
2643,104,31,25
2644,104,32,8
2645,104,33,0
2646,104,34,0
2647,104,35,0
2648,104,36,0
2649,104,37,0
2650,104,38,0
2651,104,39,15
2652,104,40,4
2653,104,41,2
2654,104,42,6
2655,104,43,7
2656,104,44,9
2657,104,45,14
2658,104,46,36
2659,104,47,41
2660,104,48,0
2661,104,49,0
2662,104,50,0
2663,104,51,0
2664,104,52,0
2665,104,53,0
2666,104,54,0
2667,104,55,0
2668,104,56,0
2669,104,57,0
2670,104,58,1
2671,104,59,1
2672,104,60,0
2673,104,61,25
2674,104,62,0
2675,104,63,0
2676,104,64,18
2677,104,65,0
2678,105,29,0
2679,105,30,11
2680,105,31,28
2681,105,32,13
2682,105,33,1
2683,105,34,0
2684,105,35,0
2685,105,36,0
2686,105,37,0
2687,105,38,0
2688,105,39,0
2689,105,40,0
2690,105,41,0
2691,105,42,3
2692,105,43,7
2693,105,44,22
2694,105,45,36
2695,105,46,1
2696,105,47,0
2697,105,48,3
2698,105,49,0
2699,105,50,0
2700,105,51,0
2701,105,52,0
2702,105,53,0
2703,105,54,0
2704,105,55,0
2705,105,56,0
2706,105,57,0
2707,105,58,0
2708,105,59,0
2709,105,60,0
2710,105,61,0
2711,105,62,0
2712,105,63,0
2713,105,64,0
2714,105,65,0
2715,106,30,33
2716,106,31,36
2717,106,32,12
2718,106,33,1
2719,106,34,0
2720,106,35,0
2721,106,36,0
2722,106,37,0
2723,106,38,0
2724,106,39,0
2725,106,40,2
2726,106,41,32
2727,106,42,2
2728,106,43,10
2729,106,44,0
2730,106,45,16
2731,106,46,0
2732,106,47,6
2733,106,48,0
2734,106,49,0
2735,106,50,0
2736,106,51,0
2737,106,52,0
2738,106,53,0
2739,106,54,0
2740,106,55,0
2741,106,56,0
2742,106,57,0
2743,106,58,0
2744,106,59,1
2745,106,60,0
2746,106,61,0
2747,106,62,17
2748,106,63,0
2749,106,64,8
2750,106,65,0
2751,107,30,6
2752,107,31,160
2753,107,32,38
2754,107,33,2
2755,107,34,0
2756,107,35,0
2757,107,36,0
2758,107,37,2
2759,107,38,0
2760,107,39,9
2761,107,40,33
2762,107,41,50
2763,107,42,3
2764,107,43,11
2765,107,44,4
2766,107,45,0
2767,107,46,0
2768,107,47,0
2769,107,48,0
2770,107,49,3
2771,107,50,13
2772,107,51,18
2773,107,52,0
2774,107,53,0
2775,107,54,0
2776,107,55,0
2777,107,56,0
2778,107,57,0
2779,107,58,0
2780,107,59,0
2781,107,60,0
2782,107,61,0
2783,107,62,0
2784,107,63,0
2785,107,64,0
2786,107,65,0
2787,107,66,0
2788,108,29,0
2789,108,30,1
2790,108,31,143
2791,108,32,76
2792,108,33,10
2793,108,34,0
2794,108,35,2
2795,108,36,1
2796,108,37,0
2797,108,38,1
2798,108,39,0
2799,108,40,0
2800,108,41,24
2801,108,42,42
2802,108,43,0
2803,108,44,0
2804,108,45,133
2805,108,46,0
2806,108,47,0
2807,108,48,0
2808,108,49,2
2809,108,50,8
2810,108,51,0
2811,108,52,0
2812,108,53,0
2813,108,54,0
2814,108,55,0
2815,108,56,0
2816,108,57,0
2817,108,58,0
2818,108,59,0
2819,108,60,0
2820,108,61,0
2821,108,62,0
2822,108,63,0
2823,108,64,0
2824,108,65,6
2825,108,66,0
2826,109,29,0
2827,109,30,0
2828,109,31,101
2829,109,32,29
2830,109,33,0
2831,109,34,8
2832,109,35,0
2833,109,36,0
2834,109,37,24
2835,109,38,16
2836,109,39,31
2837,109,40,96
2838,109,41,0
2839,109,42,40
2840,109,43,25
2841,109,44,0
2842,109,45,0
2843,109,46,0
2844,109,47,0
2845,109,48,0
2846,109,49,4
2847,109,50,13
2848,109,51,0
2849,109,52,0
2850,109,53,0
2851,109,54,0
2852,109,55,0
2853,109,56,0
2854,109,57,0
2855,109,58,0
2856,109,59,0
2857,109,60,0
2858,109,61,0
2859,109,62,13
2860,109,63,0
2861,109,64,0
2862,109,65,0
2863,109,66,0
2864,110,29,0
2865,110,30,0
2866,110,31,0
2867,110,35,0
2868,110,36,0
2869,110,37,6
2870,110,38,27
2871,110,39,64
2872,110,40,27
2873,110,41,0
2874,110,42,0
2875,110,43,0
2876,110,44,5
2877,110,45,3
2878,110,46,4
2879,110,47,0
2880,110,48,0
2881,110,49,20
2882,110,50,20
2883,110,51,0
2884,110,52,0
2885,110,53,0
2886,110,54,0
2887,110,55,0
2888,110,56,0
2889,110,57,0
2890,110,58,0
2891,110,59,0
2892,110,60,0
2893,110,61,0
2894,110,62,0
2895,110,63,12
2896,110,64,0
2897,110,65,0
2898,110,66,0
2899,111,30,0
2900,111,37,0
2901,111,38,0
2902,111,39,7
2903,111,40,0
2904,111,41,0
2905,111,42,0
2906,111,43,0
2907,111,44,3
2908,111,45,11
2909,111,46,6
2910,111,47,2
2911,111,48,1
2912,111,49,36
2913,111,50,17
2914,111,51,0
2915,111,52,13
2916,111,53,0
2917,111,54,0
2918,111,55,0
2919,111,56,0
2920,111,57,0
2921,111,58,0
2922,111,59,0
2923,111,60,0
2924,111,61,0
2925,111,62,0
2926,111,63,0
2927,111,64,0
2928,111,65,0
2929,111,66,6
2930,111,67,0
2931,111,69,0
2932,111,70,0
2933,112,41,0
2934,112,42,0
2935,112,43,0
2936,112,44,1
2937,112,45,33
2938,112,46,6
2939,112,47,0
2940,112,48,0
2941,112,49,0
2942,112,50,0
2943,112,51,7
2944,112,52,0
2945,112,53,2
2946,112,54,0
2947,112,55,0
2948,112,56,0
2949,112,57,0
2950,112,58,0
2951,112,59,0
2952,112,60,0
2953,112,61,0
2954,112,62,0
2955,112,63,3
2956,112,64,0
2957,112,65,5
2958,112,66,0
2959,112,67,0
2960,112,68,0
2961,112,69,0
2962,112,70,0
2963,113,43,0
2964,113,44,0
2965,113,45,5
2966,113,46,9
2967,113,47,12
2968,113,48,0
2969,113,49,31
2970,113,50,0
2971,113,51,0
2972,113,53,0
2973,113,54,0
2974,113,55,0
2975,113,56,0
2976,113,57,0
2977,113,58,0
2978,113,59,0
2979,113,60,0
2980,113,61,0
2981,113,62,0
2982,113,63,0
2983,113,64,0
2984,113,65,0
2985,113,66,0
2986,113,67,9
2987,113,68,0
2988,113,69,0
2989,114,44,0
2990,114,45,0
2991,114,46,0
2992,114,47,0
2993,114,48,0
2994,114,49,0
2995,114,50,0
2996,114,51,0
2997,114,58,0
2998,114,59,0
2999,114,60,0
3000,114,61,0
3001,114,62,0
3002,114,63,3
3003,114,64,0
3004,114,65,0
3005,114,66,7
3006,114,67,0
3007,114,68,0
3008,115,46,0
3009,115,47,0
3010,115,61,0
3011,115,62,0
3012,115,63,0
3013,115,64,0
3014,115,65,12
3015,115,66,0
3016,115,67,0
3017,116,61,0
3018,116,62,0
3019,116,63,0
3020,116,64,0
3021,116,65,0
3022,116,66,0
